2
10
-14
4
11
4
14
10
11
-4
-17
-26
-7
-2
-10
-6
-13
5
7
-17
-17
-1
23
13
-4
7
-5
15
20
6
-5
10
-2
17
-9
11
-13
13
7
-21
-20
-13
12
29
4
-19
0
-10
-11
9
21
7
-7
-3
27
20
7
14
21
-10
11
-4
11
11
-20
17
9
21
24
20
-8
-6
-23
-5
-8
-17
13
30
-4
-9
-2
-5
-12
6
23
-1
10
2
-7
15
10
2
1
0
-5
-11
14
-10
3
3
-12
-10
-8
17
10
10
-11
31
-9
-14
-10
-10
11
7
-2
-6
-24
-7
5
14
0
-12
0
17
1
13
7
3
-10
18
-6
4
-16
2
15
-1
15
-10
-27
8
8
10
20
-6
7
11
6
-17
-9
-15
-30
14
28
5
8
-13
19
9
4
-19
14
-13
-14
0
-12
-1
2
-23
-1
-7
-12
15
-4
0
-17
-8
5
-8
18
-23
25
-6
2
16
-15
-11
-16
-10
-23
-17
5
3
8
-4
13
-14
4
11
15
11
-15
-2
20
1
-17
-14
-21
-19
11
2
-3
11
22
-12
0
-23
14
-7
2
1
6
13
6
-10
-13
15
-2
-24
-1
-30
-9
-18
13
-23
-5
-25
15
6
-2
14
-11
2
10
-4
-11
12
4
-25
5
-13
7
-15
9
4
0
-2
6
27
-9
9
-12
-11
-19
-6
17
11
8
5
-7
19
14
-17
31
21
5
6
23
19
4
7
15
25
16
0
0
0
-12
16
-31
-2
16
10
28
-6
5
12
4
-21
5
-12
-16
14
16
-2
12
13
4
11
13
3
-1
25
15
-24
14
2
3
-6
0
-9
9
23
-3
2
-16
1
4
10
7
5
-31
8
12
-17
-8
18
-9
-1
-13
13
16
0
17
-11
-3
-8
-20
-7
-10
-26
-7
4
-8
6
-15
1
-13
19
3
-21
5
10
14
5
0
22
-19
-20
18
-12
-14
8
11
-4
7
12
1
-1
18
-4
-22
5
-2
4
-3
10
2
23
10
31
0
-4
25
17
21
4
17
-7
5
-11
20
9
11
-17
-2
16
-14
8
-20
3
-13
12
19
6
9
-7
9
7
10
12
-20
-5
-2
10
14
13
5
14
-16
6
-2
-5
7
12
-3
-3
-4
7
8
11
8
7
23
-10
-21
-9
16
19
6
-5
14
-8
-11
8
12
-2
21
-2
0
18
15
15
-23
-13
-13
-16
6
9
-4
0
7
6
-4
-8
4
28
13
17
12
7
-19
-13
21
3
10
-9
-6
9
-7
15
3
24
-16
7
-3
-23
5
6
-5
-5
3
-2
-19
1
12
-10
17
3
2
-14
-18
3
10
-12
-9
5
-3
-11
4
4
-13
24
24
-13
18
-9
-11
-6
-8
23
-3
0
15
0
-7
-12
29
2
-24
-19
-27
19
13
-2
-6
-18
19
5
20
0
12
-20
18
-28
8
17
10
23
-22
20
4
-17
2
-4
-8
-7
-7
28
-11
-21
-7
-11
12
16
12
-10
1
27
9
8
-19
6
4
0
-3
0
22
4
8
18
-3
15
16
-23
17
-7
5
10
3
1
-2
0
14
3
4
-6
9
7
0
-11
13
6
3
9
-20
-9
-4
24
0
-2
-12
-9
20
17
-16
-5
11
1
-4
5
-17
-9
17
-29
25
-22
31
6
-5
31
13
-9
0
0
17
4
1
-17
-2
9
1
14
-1
6
16
-10
13
-12
-30
-11
-19
-16
-8
17
-3
3
-6
-14
0
4
0
-13
