31
31
-32
31
31
-18
31
31
31
-32
-32
-32
-32
-32
-32
-32
-32
31
31
-32
-32
24
31
31
-32
31
16
31
31
31
-32
31
23
31
7
31
-32
31
31
-32
-32
-32
31
31
31
-32
-27
-32
-32
-7
31
31
-32
19
31
31
31
31
31
5
31
-32
31
31
-32
31
31
31
31
31
-32
-32
-32
-32
-32
-32
31
31
17
-32
-32
16
-32
31
31
-30
31
31
-32
31
31
-21
-24
26
-32
2
31
-32
31
31
-32
-32
-32
31
31
31
-32
31
6
-32
-32
-32
-3
31
-32
-32
-32
-32
-15
31
-28
-32
-29
31
-25
31
31
-20
-32
31
-32
31
-32
31
31
-31
31
-32
-32
31
31
31
17
-32
31
31
31
-32
-32
-32
-32
31
31
31
31
-32
31
31
31
-32
31
-32
-32
-29
-32
-31
31
-32
23
-32
-32
31
-32
26
-32
-32
31
-32
31
-32
31
-32
-22
31
-32
-32
-32
-32
-32
-32
31
-20
31
-32
31
-32
31
31
31
31
-32
-32
31
31
-32
-32
-32
-32
31
-22
19
31
31
-32
28
-32
31
-32
31
-24
31
31
31
4
-32
31
-32
-32
24
-32
-32
-32
31
-32
-32
-32
31
31
23
31
-32
31
31
-32
-32
31
31
-32
-14
-3
31
-32
31
31
-30
-32
31
31
6
31
-32
-32
-32
-32
31
31
31
31
11
31
31
-32
31
31
31
-12
31
31
31
-12
31
31
31
28
25
-29
-32
31
-32
-32
31
31
31
-32
-15
31
-17
-32
31
-32
-32
31
31
-32
31
31
31
31
31
31
-30
31
31
-32
31
31
31
-32
26
-32
31
31
-32
31
-32
31
31
31
-10
31
-32
31
31
-32
-32
31
-32
-30
-32
31
31
29
31
-32
-32
-32
-32
10
-32
-32
-32
-17
-32
31
-32
30
-32
31
-20
-32
31
31
31
31
-26
31
-32
-32
31
-32
-32
31
31
-32
31
31
-24
-30
31
-32
-32
31
-32
-17
20
31
31
31
31
31
-28
-32
31
31
31
31
31
-32
31
-32
31
31
31
-32
-32
31
-32
31
-32
31
-32
31
31
31
31
-32
31
31
31
31
-32
-32
-32
31
31
31
31
31
-32
31
-32
-32
31
31
19
-32
-32
31
31
31
31
31
31
-32
-32
-32
31
31
31
-32
31
-32
-32
31
31
-32
31
-32
-29
31
31
31
-32
-32
-32
-32
-13
31
-32
26
31
-12
-32
-32
31
31
31
31
31
-10
-32
-32
31
-19
31
-32
-32
31
-32
31
-19
31
-32
31
19
-32
31
31
15
-32
-20
-32
-32
-24
31
-32
31
31
31
-32
-32
31
31
-32
-32
31
21
-32
31
-17
-32
31
31
-32
31
-32
-32
-32
-32
31
-32
-28
31
-29
-32
-32
31
31
-32
-32
-32
31
31
-32
-32
-32
31
31
31
28
31
-32
31
-32
31
31
31
31
-32
31
31
-32
31
17
-32
-32
-32
31
-32
-32
-32
-32
31
31
0
-32
31
31
-7
-7
-32
31
31
-28
-32
29
31
31
-8
31
-32
31
31
-32
31
-32
31
31
-19
31
-32
-28
31
31
-16
13
31
31
28
-32
31
31
-20
31
-32
-32
-32
31
-30
-32
-32
-32
31
31
-32
-32
31
31
-32
31
-32
-32
31
-32
31
-32
31
31
-32
31
31
-32
-28
-28
11
31
31
-32
23
-7
30
31
-31
31
31
5
31
-32
-32
-32
-32
-32
-32
31
18
31
-32
-32
29
-17
-28
-32
