10
20
30
40
50
60
70
80
15
25
35
45
55
65
75
85
-10
-20
-30
-40
-50
-60
-70
-80
-15
-25
-35
-45
-55
-65
-75
-85
10
20
30
40
50
60
70
80
15
25
35
45
55
65
75
85
-10
-20
-30
-40
-50
-60
-70
-80
-15
-25
-35
-45
-55
-65
-75
-85
10
20
30
40
50
60
70
80
15
25
35
45
55
65
75
85
-10
-20
-30
-40
-50
-60
-70
-80
-15
-25
-35
-45
-55
-65
-75
-85
10
20
30
40
50
60
70
80
15
25
35
45
55
65
75
85
-10
-20
-30
-40
-50
-60
-70
-80
-15
-25
-35
-45
-55
-65
-75
-85
23
29
39
49
59
69
79
89
24
34
44
54
64
74
84
94
-23
-29
-39
-49
-59
-69
-79
-89
-24
-34
-44
-54
-64
-74
-84
-94
