23
29
39
49
59
69
79
89
24
34
44
54
64
74
84
94
-23
-29
-39
-49
-59
-69
-79
-89
-24
-34
-44
-54
-64
-74
-84
-94
23
29
39
49
59
69
79
89
24
34
44
54
64
74
84
94
-23
-29
-39
-49
-59
-69
-79
-89
-24
-34
-44
-54
-64
-74
-84
-94
23
29
39
49
59
69
79
89
24
34
44
54
64
74
84
94
-23
-29
-39
-49
-59
-69
-79
-89
-24
-34
-44
-54
-64
-74
-84
-94
23
29
39
49
59
69
79
89
24
34
44
54
64
74
84
94
-23
-29
-39
-49
-59
-69
-79
-89
-24
-34
-44
-54
-64
-74
-84
-94
23
29
39
49
59
69
79
89
24
34
44
54
64
74
84
94
-23
-29
-39
-49
-59
-69
-79
-89
-24
-34
-44
-54
-64
-74
-84
-94
